  72 atoms,Iteration (fs) =    0.3000000000E+01, Etot,Ep,Ek (eV) =   -0.1186877951E+05  -0.1188565643E+05   0.1687691647E+02, SCF =     5
P_sph(bar),Rcut_MD_sp(A)  0.000000E+00  0.000000E+00
     MD_INFO: METHOD(1-VV,2-NH,3-LV,4-LVPR,5-NHRP) TIME(fs) TEMP(K) DESIRED_TEMP(K) AVE_TEMP(K) TIME_INTERVAL(fs) TOT_TEMP(K)
              2    0.3000000000E+01   0.18134E+04   0.10000E+04   0.19121E+04   0.10000E+03   0.57363E+04    
     TOTAL MOMENTUM
              0.19534E-01   0.55845E+00   0.17201E+01  
     MD_NH_INFO: Nose-Hoover Dynamics (NVT), IONS' THERMOSTAT VELOCITY(1/fs)
              0.3375762440E-01   
 Lattice vector (Angstrom)
   0.8593165000E+01    0.0000000000E+00    0.0000000000E+00     stress (eV):  0.200821E+01  0.467239E+01  0.243404E+01
   0.1730470000E+00    0.7618932000E+01    0.0000000000E+00     stress (eV):  0.467249E+01  0.109669E+02 -0.239090E+01
   0.3330970000E+00   -0.3354660000E+00    0.1890553000E+02     stress (eV):  0.243434E+01 -0.239103E+01  0.328523E+02
 Pressure Internal(Hartree/bohr^3)
  -0.8835383668E-05   -0.2055702255E-04   -0.1070955297E-04
  -0.2055702255E-04   -0.4825051017E-04    0.1051935655E-04
  -0.1070955297E-04    0.1051935655E-04   -0.1445383403E-03
 Position (normalized), move_x, move_y, move_z
   3         0.246533428729238         0.164860509899923         0.024555977376101     1  1  1
   3         0.497897330828698         0.675750474455457         0.020054267071888     1  1  1
   3         0.742628412686055         0.162277096544285         0.022959898714644     1  1  1
   3         0.006997816162349         0.659232955478326         0.025215416774441     1  1  1
   3         0.243586630467148         0.169993607534218         0.307161408949429     1  1  1
   3         0.495005105384086         0.661704994929261         0.309641322278913     1  1  1
   3         0.755626332397038         0.162617525680983         0.307371170208919     1  1  1
   3         0.004917846858569         0.670136021764453         0.307518579183725     1  1  1
   3         0.247743558023705         0.827176987983143         0.128302792268826     1  1  1
   3         0.491938843621734         0.326687524237324         0.131735770674984     1  1  1
   3         0.758514453479967         0.834500261535019         0.131808900263022     1  1  1
   3         0.003451281817979         0.340353256541299         0.129567431526152     1  1  1
   3         0.000930456098101         0.003137251749723         0.208746158132526     1  1  1
   3         0.245584075489137         0.494958343388812         0.207914256156676     1  1  1
   3         0.507910948395968         0.002079157662325         0.203027187784376     1  1  1
   3         0.743042382612889         0.490131195066166         0.205024663249793     1  1  1
   3         0.999283919300721         0.008020184212096         0.354249039403476     1  1  1
   3         0.245601122594306         0.493814362221230         0.354141486469626     1  1  1
   3         0.503141665470877         0.999347429704518         0.359134489572911     1  1  1
   3         0.744248429369840         0.498257220265671         0.357857155268212     1  1  1
   3         0.995356889451371         0.998593479844220         0.646040407347679     1  1  1
   3         0.258578342380945         0.501058149991936         0.643484844240998     1  1  1
   3         0.490683292081574         0.997354775850604         0.647105912266715     1  1  1
   3         0.748266876612496         0.503646863600021         0.640941298118518     1  1  1
   3         0.253758085428194         0.175785858432478         0.462867110083468     1  1  1
   3         0.508133814354695         0.658518547847888         0.457537948729934     1  1  1
   3         0.758968980924463         0.156567333826190         0.458849195588190     1  1  1
   3         0.992434384315353         0.671768645378210         0.464092386710982     1  1  1
   3         0.252011973969294         0.831959768686468         0.539128915836385     1  1  1
   3         0.509998618473549         0.338044423029740         0.537242370823718     1  1  1
   3         0.757077728914305         0.828280840853648         0.534644137660611     1  1  1
   3         0.001908379143898         0.324151113723696         0.539625270625142     1  1  1
   3         0.243660138191940         0.823447657065320         0.692752767884507     1  1  1
   3         0.501545743891722         0.330314243439188         0.690622100965095     1  1  1
   3         0.753616511988677         0.832869524854954         0.685174134436428     1  1  1
   3         0.997960478774694         0.335996869883699         0.691483502635379     1  1  1
   3         0.253210382852927         0.841485441431863         0.975588837354985     1  1  1
   3         0.493711320445970         0.322965017885111         0.980396422633090     1  1  1
   3         0.755401207305184         0.840248739942914         0.977680284389561     1  1  1
   3         0.006657335157439         0.331753781885039         0.979012410223655     1  1  1
   3         0.007455606774615         0.006464552391287         0.797871935795121     1  1  1
   3         0.253798854020371         0.499385254868864         0.798919056293970     1  1  1
   3         0.494968021218293         0.002571052489070         0.796252440420006     1  1  1
   3         0.752570406067747         0.503378668032153         0.798258147073964     1  1  1
   3         0.255412243639461         0.159841638972025         0.873845345874972     1  1  1
   3         0.494812095081454         0.674290972166242         0.869961625403217     1  1  1
   3         0.742114425075819         0.161009413112358         0.874800749747617     1  1  1
   3         0.006798221807015         0.668390526245029         0.872831792043418     1  1  1
  14         0.997195930815677         0.000808130758559         0.059960755123245     1  1  1
  14         0.249124430414787         0.499851623797361         0.063325849870423     1  1  1
  14         0.498180342545056         0.002285543436719         0.059983484639123     1  1  1
  14         0.745853328556048         0.499533459115883         0.061349417566347     1  1  1
  14         0.251981048419171         0.835906958891124         0.270284437574561     1  1  1
  14         0.498942226569807         0.332987120171540         0.270816223999731     1  1  1
  14         0.746064021156315         0.828620095807389         0.270353167728028     1  1  1
  14         0.000638734271083         0.337111439261007         0.273029895012567     1  1  1
  14         0.251907328087805         0.829674753302307         0.395595139670261     1  1  1
  14         0.502735718320549         0.331186969815553         0.396022087891122     1  1  1
  14         0.745568403128993         0.829493304827901         0.394269913082842     1  1  1
  14         0.996348253318165         0.336656049483073         0.394524111773491     1  1  1
  14         0.247084064269254         0.169791771090226         0.606759492260589     1  1  1
  14         0.502239584049282         0.666497810193071         0.603365805932418     1  1  1
  14         0.752377379790162         0.171243602406581         0.605377157997945     1  1  1
  14         0.997182726209201         0.669020307539471         0.602573816397170     1  1  1
  14         0.254049406681416         0.165132946484290         0.726649850601499     1  1  1
  14         0.501222219985656         0.668111512214669         0.730386574799574     1  1  1
  14         0.749222769761580         0.169811003408125         0.728373036780432     1  1  1
  14         0.995937977877081         0.672463782951950         0.729736617067782     1  1  1
  14         0.003332665018952         0.996718139675705         0.936853637261888     1  1  1
  14         0.253045201178741         0.495251056096312         0.937930558192248     1  1  1
  14         0.498547356705702         0.002859585324946         0.939492598722013     1  1  1
  14         0.750529076508057         0.502552647263135         0.939188105383107     1  1  1
 nonperiodic_Position (normalized), move_x, move_y, move_z
   3         0.246533428729238         0.164860509899923         0.024555977376101     1  1  1
   3         0.497897330828698         0.675750474455457         0.020054267071888     1  1  1
   3         0.742628412686055         0.162277096544285         0.022959898714644     1  1  1
   3         0.006997816162349         0.659232955478326         0.025215416774441     1  1  1
   3         0.243586630467148         0.169993607534218         0.307161408949429     1  1  1
   3         0.495005105384086         0.661704994929261         0.309641322278913     1  1  1
   3         0.755626332397038         0.162617525680982         0.307371170208919     1  1  1
   3         0.004917846858569         0.670136021764453         0.307518579183725     1  1  1
   3         0.247743558023705         0.827176987983143         0.128302792268826     1  1  1
   3         0.491938843621734         0.326687524237324         0.131735770674984     1  1  1
   3         0.758514453479967         0.834500261535019         0.131808900263022     1  1  1
   3         0.003451281817979         0.340353256541299         0.129567431526152     1  1  1
   3         0.000930456098101         0.003137251749723         0.208746158132526     1  1  1
   3         0.245584075489137         0.494958343388812         0.207914256156676     1  1  1
   3         0.507910948395968         0.002079157662325         0.203027187784376     1  1  1
   3         0.743042382612889         0.490131195066166         0.205024663249793     1  1  1
   3        -0.000716080699279         0.008020184212096         0.354249039403475     1  1  1
   3         0.245601122594306         0.493814362221230         0.354141486469626     1  1  1
   3         0.503141665470877        -0.000652570295483         0.359134489572911     1  1  1
   3         0.744248429369840         0.498257220265671         0.357857155268212     1  1  1
   3        -0.004643110548629        -0.001406520155780         0.646040407347679     1  1  1
   3         0.258578342380945         0.501058149991936         0.643484844240998     1  1  1
   3         0.490683292081574        -0.002645224149396         0.647105912266715     1  1  1
   3         0.748266876612496         0.503646863600021         0.640941298118518     1  1  1
   3         0.253758085428194         0.175785858432478         0.462867110083468     1  1  1
   3         0.508133814354695         0.658518547847888         0.457537948729934     1  1  1
   3         0.758968980924463         0.156567333826190         0.458849195588190     1  1  1
   3        -0.007565615684647         0.671768645378210         0.464092386710982     1  1  1
   3         0.252011973969294         0.831959768686468         0.539128915836385     1  1  1
   3         0.509998618473548         0.338044423029740         0.537242370823718     1  1  1
   3         0.757077728914305         0.828280840853648         0.534644137660611     1  1  1
   3         0.001908379143898         0.324151113723696         0.539625270625142     1  1  1
   3         0.243660138191940         0.823447657065320         0.692752767884507     1  1  1
   3         0.501545743891721         0.330314243439188         0.690622100965095     1  1  1
   3         0.753616511988677         0.832869524854954         0.685174134436428     1  1  1
   3        -0.002039521225306         0.335996869883699         0.691483502635379     1  1  1
   3         0.253210382852927         0.841485441431863         0.975588837354985     1  1  1
   3         0.493711320445971         0.322965017885111         0.980396422633090     1  1  1
   3         0.755401207305184         0.840248739942914         0.977680284389561     1  1  1
   3         0.006657335157439         0.331753781885039         0.979012410223655     1  1  1
   3         0.007455606774615         0.006464552391287         0.797871935795121     1  1  1
   3         0.253798854020371         0.499385254868864         0.798919056293970     1  1  1
   3         0.494968021218293         0.002571052489070         0.796252440420006     1  1  1
   3         0.752570406067746         0.503378668032153         0.798258147073964     1  1  1
   3         0.255412243639461         0.159841638972025         0.873845345874972     1  1  1
   3         0.494812095081454         0.674290972166242         0.869961625403217     1  1  1
   3         0.742114425075819         0.161009413112358         0.874800749747617     1  1  1
   3         0.006798221807015         0.668390526245030         0.872831792043418     1  1  1
  14        -0.002804069184323         0.000808130758559         0.059960755123245     1  1  1
  14         0.249124430414787         0.499851623797361         0.063325849870423     1  1  1
  14         0.498180342545056         0.002285543436719         0.059983484639122     1  1  1
  14         0.745853328556048         0.499533459115883         0.061349417566347     1  1  1
  14         0.251981048419171         0.835906958891124         0.270284437574561     1  1  1
  14         0.498942226569807         0.332987120171540         0.270816223999731     1  1  1
  14         0.746064021156315         0.828620095807389         0.270353167728028     1  1  1
  14         0.000638734271083         0.337111439261007         0.273029895012567     1  1  1
  14         0.251907328087805         0.829674753302307         0.395595139670261     1  1  1
  14         0.502735718320549         0.331186969815554         0.396022087891122     1  1  1
  14         0.745568403128993         0.829493304827901         0.394269913082842     1  1  1
  14        -0.003651746681835         0.336656049483073         0.394524111773492     1  1  1
  14         0.247084064269254         0.169791771090226         0.606759492260589     1  1  1
  14         0.502239584049282         0.666497810193071         0.603365805932418     1  1  1
  14         0.752377379790162         0.171243602406581         0.605377157997945     1  1  1
  14        -0.002817273790799         0.669020307539472         0.602573816397170     1  1  1
  14         0.254049406681416         0.165132946484290         0.726649850601499     1  1  1
  14         0.501222219985656         0.668111512214669         0.730386574799574     1  1  1
  14         0.749222769761580         0.169811003408125         0.728373036780432     1  1  1
  14        -0.004062022122919         0.672463782951949         0.729736617067782     1  1  1
  14         0.003332665018952        -0.003281860324295         0.936853637261888     1  1  1
  14         0.253045201178740         0.495251056096312         0.937930558192248     1  1  1
  14         0.498547356705702         0.002859585324946         0.939492598722013     1  1  1
  14         0.750529076508056         0.502552647263135         0.939188105383107     1  1  1
 Force (-force, eV/Angstrom)
   3        -0.013399918762758        -0.056397856239685         0.022024518563996
   3        -0.029592341668318         0.253683045780003         0.020791496566021
   3        -0.228784034506936        -0.186939506812821         0.033137633967840
   3         0.214791002416797        -0.186576448925471         0.132613937147285
   3        -0.299117318033287         0.149354638829789        -0.140707104499484
   3        -0.062875250616156        -0.104158734563208        -0.053556479463576
   3         0.234550639362347        -0.093837050211215        -0.071313593085462
   3         0.195438137948994        -0.019259259372558        -0.163509042511295
   3        -0.041222611541543        -0.038661712838822         0.059009830085278
   3        -0.045806813344738        -0.057218627237142         0.226293082826600
   3         0.021441295609594         0.087765804571983         0.243912661429589
   3         0.057115018813610         0.093203895524290         0.078338059078465
   3         0.005885201379327        -0.025859532814999         0.149779296079336
   3        -0.055034935099898        -0.119273731084613         0.055162837664921
   3         0.134204100736682         0.034799725926365        -0.143049126991675
   3        -0.031452931272174        -0.101207453751246        -0.043468664612767
   3        -0.065964052549498         0.276362834549137        -0.091217228688665
   3        -0.129678155857496        -0.084361464566948        -0.063402936500870
   3         0.181846904575212        -0.047323962113047         0.205071416024661
   3        -0.155093321247588        -0.030595061691692         0.195069586192424
   3        -0.161156492370633        -0.051906532629535        -0.052876081428252
   3         0.252957836036670        -0.035315915096207        -0.067011418387195
   3        -0.237356096541792         0.011658296897348         0.037846673608621
   3        -0.073132829819496         0.046288087341553        -0.190065880918897
   3        -0.012501365641627         0.108120463473095         0.116154316359665
   3         0.118529491695058        -0.057906873629353        -0.116822866588469
   3         0.070321414121721        -0.052735276719855        -0.037440383458194
   3        -0.188194028253044         0.124205825284067         0.296413928385851
   3         0.006193140532926        -0.033796890400208        -0.026936164174364
   3         0.061249043150122         0.041558267730246        -0.118151992754971
   3         0.225490538991664        -0.128909539394994        -0.230174592462429
   3         0.066319781165086        -0.158758103558995        -0.009466708173311
   3        -0.137153577355232        -0.154742778372622         0.118830036230090
   3        -0.028091339665805        -0.147307376707405         0.101729937709907
   3         0.239779376489663        -0.061720649727812        -0.014867100651865
   3        -0.094606350025691        -0.054926658988086         0.087067465586061
   3         0.116882994764948         0.247761804089418        -0.096766824289580
   3        -0.152931205124567        -0.347976475641033        -0.069981553837222
   3         0.074623710090398         0.178059068404612        -0.075251124486026
   3         0.234548330966317         0.027649937999600         0.007813426068447
   3         0.094516536366061         0.031456685958669         0.190177751623202
   3         0.028780868750756         0.071279637045457         0.265751722487884
   3        -0.126643172155132         0.050650665485690         0.128245407035168
   3        -0.004110436489929         0.040269557677217         0.173172645348463
   3         0.098187277712262        -0.136414723276454         0.008514155234052
   3        -0.050105967760189         0.031571814725358        -0.175858963800410
   3        -0.091818354361325        -0.100829228518212         0.093843081417559
   3         0.074132098684767        -0.003051579459653        -0.054275569064362
  14        -0.038858157493131         0.047326916165240         0.113149626026664
  14        -0.226660062707640         0.105393997273282         0.530135187771989
  14         0.041940371463230         0.084799343259758        -0.323361272189027
  14        -0.042371014115011        -0.017857303529731         0.217370630248497
  14        -0.020547961171045         0.012723312645985        -0.627742399355062
  14        -0.048163480462909         0.141625992381554        -0.648972216129755
  14        -0.112528471651858         0.012867861727849        -0.492807890391368
  14         0.148497815655223         0.013206451241834         0.053851171629546
  14         0.142377863307087        -0.090730273968887         0.618126330239939
  14         0.161584976019165         0.002021587016646         0.617077677659152
  14        -0.262395987066600        -0.075187079877604         0.474820226128943
  14        -0.058306387633736         0.024786752368762        -0.077594933694235
  14        -0.050898529857465         0.074218601570855         0.195405660177347
  14         0.013763246456443        -0.113314448944722        -0.698035662791682
  14         0.153673999020203         0.190498182030601        -0.305966322426774
  14        -0.225441403466396         0.136571997359431        -0.927315882608124
  14         0.173360877923068        -0.011080514488793        -0.265756793532737
  14        -0.026427434957604         0.006141172229736         0.849786092851619
  14        -0.035833004148079         0.161716812088365         0.215198312836787
  14         0.015315086725263         0.144272288732809         0.679349521457302
  14         0.072904070460274        -0.166317043417342        -0.367776940038680
  14         0.002570529850823        -0.173113098542780        -0.625822412198192
  14        -0.136091495040726         0.157341528222771         0.198559248436367
  14         0.067015501396179         0.103062696163101        -0.332425428151445
 Velocity (bohr/fs)
   3        -0.015672345616614        -0.008291432131063         0.029315765918840
   3        -0.013166492042909         0.041073627665811        -0.027161054424418
   3        -0.040175166611834        -0.022005972020573         0.004377436490112
   3         0.031618662370340        -0.028969138993104         0.032100675429965
   3        -0.033265040601251         0.012869499725583        -0.047564372561665
   3        -0.028196267615274        -0.024582891387980        -0.016555467950112
   3         0.032157900364747        -0.017956935952625        -0.036077773678003
   3         0.021904126198519         0.011617789853708        -0.038032051547947
   3        -0.015672910450849        -0.028603094995925         0.005648355607646
   3        -0.044517557098703        -0.039255413719220         0.038789119586749
   3         0.044064667152630         0.002622313383693         0.040385079610106
   3         0.022970244053869         0.034144614918557         0.012318805467912
   3         0.007894495539354         0.009925140910762         0.039122795646025
   3        -0.019797522665294        -0.019941237175134         0.028412228479947
   3         0.039205655999153         0.007081448053387        -0.021905347206787
   3        -0.038698671654007        -0.044328528952472         0.000284998121874
   3        -0.006815373466634         0.038767017022438        -0.021732549138516
   3        -0.024288187477104        -0.030427554843122        -0.015518303385413
   3         0.017554666488565        -0.006663913587051         0.037005145756266
   3        -0.024654037811546        -0.006894203416119         0.020780268735170
   3        -0.017846912428450        -0.013974548245071         0.022055844331490
   3         0.043198948319775         0.010065210868045        -0.012963671425985
   3        -0.045561734945742        -0.016210112859370         0.032818413841379
   3        -0.011763795504529         0.022303199800984        -0.033697527566551
   3         0.020060333333806         0.043462679201176         0.016285459794401
   3         0.036704772946278        -0.032450198706693        -0.047880357400920
   3         0.033674288426349        -0.043167388202834        -0.032923172291551
   3        -0.038308270072767         0.020995050624969         0.024813275485729
   3         0.012888733689375        -0.002396389517178         0.006074444475911
   3         0.043389889737399         0.024152596357539        -0.018002044869975
   3         0.033701667672544        -0.024868428957996        -0.036056272616262
   3         0.010035349655066        -0.038457922350825         0.016849447669128
   3        -0.033872922387122        -0.047839164664866         0.040484000618936
   3         0.007365825718934        -0.018250709859449         0.025442782587778
   3         0.021859749996823        -0.004995535889816        -0.042270805185382
   3        -0.006659817097095         0.007664695319199         0.025547719138984
   3         0.019856390150971         0.037688759669901        -0.023455336903368
   3        -0.029956171906734        -0.045603678146206         0.035509317580736
   3         0.028027652554770         0.029376669306248         0.004210528570832
   3         0.031800351428331        -0.011229490290699         0.026550933046108
   3         0.037758770921840         0.030608721631639         0.038839104208401
   3         0.020640749115482         0.001108277540967         0.042971662182790
   3        -0.028888830268134         0.010264414565082         0.016724533248631
   3         0.015166105500762         0.017677298365614         0.042849480821874
   3         0.028573621174848        -0.029893753367620         0.023219679609380
   3        -0.026306446475161         0.030844922696825        -0.023173802081304
   3        -0.037362822413518        -0.033002878459924         0.034170176811816
   3         0.037162162392811         0.008561467876397         0.008685253176643
  14        -0.016663954714252         0.004279093291290        -0.020250971860829
  14        -0.001668243541856        -0.004808672697287         0.013599037120428
  14        -0.007652989065191         0.010632268708347        -0.019664516069369
  14        -0.020740034729552         0.001510920879119        -0.007347103900306
  14         0.010078883692751         0.010826503299421        -0.006879681160711
  14        -0.003474786367182        -0.001256423784834         0.002593198083322
  14        -0.023062669788504        -0.019955747600842        -0.007549626533854
  14         0.001105012084306         0.018259871858455         0.017826933696791
  14         0.015259519765561        -0.016144071719592         0.004521596852593
  14         0.020604178970130        -0.005584585189335         0.009330367275296
  14        -0.022998024424035        -0.014568652260343        -0.014721991669342
  14        -0.013999837641066         0.010165861761401        -0.014949693046191
  14        -0.019558104204534         0.014128000294254         0.021906249303406
  14         0.010220403354198        -0.001909329352547        -0.006742178185429
  14         0.014589802606729         0.018028428374870         0.006057955611073
  14        -0.008011161619971         0.013622413834039        -0.019536060535131
  14         0.017482908519952        -0.002294044614327        -0.016636166811754
  14         0.004590601661932         0.003741509576099         0.014865331054471
  14        -0.004534882392234         0.017606141129552        -0.004018204244064
  14        -0.017307594163709         0.016460188387487         0.010785656916188
  14         0.021080505173538        -0.014332610739057        -0.005261211962965
  14         0.018157508896242        -0.021389408678828        -0.000589684043570
  14        -0.005796595782500         0.011266824619734         0.012995488677074
  14         0.003845325970224         0.016662973575641         0.018475328489571
Atomic-Energy, Etot(eV),E_nonloc(eV),Q_atom:dE(eV)=  -0.2897857847E+05
   3  -1.9096391887E+02  -9.9210390760E+01   2.6143563880E+00
   3  -1.9096840759E+02  -9.9160106430E+01   2.6136497720E+00
   3  -1.9096190729E+02  -9.9197355780E+01   2.6142232730E+00
   3  -1.9097612526E+02  -9.9191436370E+01   2.6191100670E+00
   3  -1.9096895537E+02  -9.9203621130E+01   2.6183974630E+00
   3  -1.9095620110E+02  -9.9192239160E+01   2.6120000430E+00
   3  -1.9101492240E+02  -9.9176237890E+01   2.6217627420E+00
   3  -1.9097254163E+02  -9.9176405960E+01   2.6171993560E+00
   3  -1.9107751169E+02  -9.9101415600E+01   2.6512910050E+00
   3  -1.9107017630E+02  -9.9123745420E+01   2.6486673300E+00
   3  -1.9107082648E+02  -9.9101105110E+01   2.6505549020E+00
   3  -1.9110135078E+02  -9.9107793090E+01   2.6532441720E+00
   3  -1.9113243107E+02  -9.9131122720E+01   2.6572974310E+00
   3  -1.9109874512E+02  -9.9151187070E+01   2.6496729970E+00
   3  -1.9107700030E+02  -9.9110035580E+01   2.6480533410E+00
   3  -1.9108064834E+02  -9.9117347780E+01   2.6495535300E+00
   3  -1.9105231343E+02  -9.9168135730E+01   2.6280987840E+00
   3  -1.9099402438E+02  -9.9181568250E+01   2.6178721940E+00
   3  -1.9094305882E+02  -9.9187506690E+01   2.6134418140E+00
   3  -1.9093639850E+02  -9.9199437010E+01   2.6088542550E+00
   3  -1.9097313380E+02  -9.9184256140E+01   2.6145759100E+00
   3  -1.9100538812E+02  -9.9172090500E+01   2.6218630690E+00
   3  -1.9097702538E+02  -9.9159168390E+01   2.6177758920E+00
   3  -1.9094882891E+02  -9.9206367360E+01   2.6127678610E+00
   3  -1.9109469233E+02  -9.9093795230E+01   2.6552639380E+00
   3  -1.9106228828E+02  -9.9151547190E+01   2.6444387480E+00
   3  -1.9109708748E+02  -9.9124393760E+01   2.6506071430E+00
   3  -1.9105266593E+02  -9.9119350400E+01   2.6481728470E+00
   3  -1.9106104295E+02  -9.9097387980E+01   2.6507425750E+00
   3  -1.9106859513E+02  -9.9113209450E+01   2.6489646520E+00
   3  -1.9106929910E+02  -9.9128584580E+01   2.6490355330E+00
   3  -1.9106574202E+02  -9.9116792000E+01   2.6452589950E+00
   3  -1.9098932320E+02  -9.9203527830E+01   2.6200751700E+00
   3  -1.9095891575E+02  -9.9195374140E+01   2.6140113090E+00
   3  -1.9096867822E+02  -9.9184363020E+01   2.6143302880E+00
   3  -1.9099163881E+02  -9.9159169790E+01   2.6185817330E+00
   3  -1.9096977900E+02  -9.9195209270E+01   2.6155831510E+00
   3  -1.9093119670E+02  -9.9190843260E+01   2.6101828990E+00
   3  -1.9096986698E+02  -9.9169057620E+01   2.6149869740E+00
   3  -1.9099754149E+02  -9.9164726510E+01   2.6206115980E+00
   3  -1.9106921276E+02  -9.9109561800E+01   2.6503866850E+00
   3  -1.9108880993E+02  -9.9104413140E+01   2.6537977110E+00
   3  -1.9108860074E+02  -9.9122681890E+01   2.6492108040E+00
   3  -1.9104802914E+02  -9.9098399640E+01   2.6475806060E+00
   3  -1.9109532379E+02  -9.9136978380E+01   2.6485052660E+00
   3  -1.9107727802E+02  -9.9123819680E+01   2.6502143370E+00
   3  -1.9108241587E+02  -9.9121733230E+01   2.6517341460E+00
   3  -1.9107708613E+02  -9.9123402770E+01   2.6477217920E+00
  14  -1.1317772280E+02   2.5600819200E+01   4.7268269980E+00
  14  -1.1332936530E+02   2.5609472950E+01   4.7525668540E+00
  14  -1.1320841540E+02   2.5800894920E+01   4.7384510510E+00
  14  -1.1287977980E+02   2.5601345680E+01   4.6930387640E+00
  14  -1.1320448540E+02   2.5604664270E+01   4.7373770920E+00
  14  -1.1335961240E+02   2.5623097160E+01   4.7560037820E+00
  14  -1.1318621460E+02   2.5634820040E+01   4.7358712050E+00
  14  -1.1345472420E+02   2.5804340310E+01   4.7647655590E+00
  14  -1.1292129950E+02   2.5500522690E+01   4.7013269330E+00
  14  -1.1322436900E+02   2.5618341670E+01   4.7420586850E+00
  14  -1.1332935090E+02   2.5683407000E+01   4.7538445170E+00
  14  -1.1307907040E+02   2.5729032830E+01   4.7239202610E+00
  14  -1.1296581330E+02   2.5766862910E+01   4.7066474580E+00
  14  -1.1326330710E+02   2.5552858520E+01   4.7443361860E+00
  14  -1.1307352490E+02   2.5616685930E+01   4.7166637780E+00
  14  -1.1327632530E+02   2.5541477050E+01   4.7483613720E+00
  14  -1.1314884720E+02   2.5752220440E+01   4.7234100340E+00
  14  -1.1319964750E+02   2.5500422170E+01   4.7368749450E+00
  14  -1.1298723550E+02   2.5623665970E+01   4.7082682150E+00
  14  -1.1321356770E+02   2.5542784630E+01   4.7400536770E+00
  14  -1.1323660550E+02   2.5730165100E+01   4.7442176800E+00
  14  -1.1326712020E+02   2.5592144220E+01   4.7472160630E+00
  14  -1.1349287930E+02   2.5873458320E+01   4.7726083760E+00
  14  -1.1286882850E+02   2.5598911240E+01   4.6910003800E+00
 -------------------------------------------------
